190
193
216
193
242
208
187
199
208
199
216
197
213
232
199
206
240
187
206
232
98
108
92
116
106
129
110
129
99
91
105
129
137
111
143
118
122
116
112
124
181
177
170
181
199
158
163
169
195
224
199
189
199
245
204
204
206
169
153
159
224
193
187
196
204
218
175
203
216
179
160
205
203
252
199
200
190
224
202
234
209
221
197
204
191
188
161
171
205
193
180
227
217
191
219
177
241
200
215
211
110
136
129
109
124
102
115
97
111
117
136
117
108
120
103
110
144
122
108
118
110
109
117
113
122
144
116
115
133
132
129
121
103
130
116
122
113
127
116
111
99
104
146
152
105
118
121
113
148
128
111
101
121
121
99
130
121
140
117
128
110
120
138
141
121
158
119
139
124
115
148
124
116
117
125
120
121
117
106
120
97
118
121
125
134
102
102
150
161
134
111
129
123
89
121
118
127
121
67
103

